#ret
0.7773874090489075
#mtx
[[750.34482722   0.         625.50211826]
 [  0.         748.03470716 349.91221995]
 [  0.           0.           1.        ]]
#dist
[[-0.28391513  0.09643586  0.00843676  0.00538807 -0.01762647]]
#rvecs
[array([[-0.68237854],
       [ 0.28928769],
       [-1.3630406 ]]), array([[-0.46143013],
       [ 0.10594556],
       [-0.82181211]]), array([[-0.75314076],
       [ 0.33139675],
       [-1.84514672]]), array([[-0.10092679],
       [-0.1908049 ],
       [ 0.01135429]]), array([[ 0.3298281 ],
       [-0.39069804],
       [-1.64028654]]), array([[-0.0159974 ],
       [-0.44193935],
       [-1.60309995]]), array([[-0.12156007],
       [-0.13338485],
       [-1.54754725]]), array([[ 0.05026417],
       [-0.17487805],
       [-1.54203618]]), array([[-0.26838458],
       [-0.41819951],
       [-1.6251281 ]]), array([[ 0.01764796],
       [-0.58774083],
       [-1.67203517]]), array([[-0.80355923],
       [ 0.46678751],
       [-1.2775856 ]]), array([[-0.63063116],
       [ 0.49745786],
       [-1.2928338 ]]), array([[-0.14416503],
       [-0.30420496],
       [-1.54514535]]), array([[-0.03840927],
       [ 0.03309846],
       [-1.5650052 ]]), array([[-0.26679921],
       [-0.13603798],
       [-1.51715744]]), array([[-0.41840176],
       [ 0.10128401],
       [-2.0469542 ]]), array([[-0.45629886],
       [-0.22718434],
       [-1.5537474 ]]), array([[ 0.0631975 ],
       [-0.53981742],
       [-1.68281504]]), array([[ 0.06591939],
       [-0.62010962],
       [-1.08567597]]), array([[-0.87292861],
       [ 0.23929742],
       [-1.439755  ]]), array([[-0.42603504],
       [ 0.2781875 ],
       [-1.40449744]]), array([[-0.10316609],
       [ 0.0074936 ],
       [-1.51656972]]), array([[-0.32750397],
       [ 0.13001281],
       [-1.52322374]]), array([[-0.12847055],
       [-0.50981508],
       [-1.04800237]]), array([[-0.3761676 ],
       [ 0.11110042],
       [-2.33698272]]), array([[-0.11217336],
       [-0.25364417],
       [ 0.58831846]]), array([[ 0.102447  ],
       [-0.51969694],
       [-1.65012316]]), array([[-0.80773882],
       [ 0.48297888],
       [-1.76307542]]), array([[-0.09432139],
       [-0.10512584],
       [-0.82649938]]), array([[-0.24498081],
       [ 0.25546963],
       [-2.89477756]]), array([[ 0.12605657],
       [-0.08612678],
       [-1.54759509]]), array([[-0.02846405],
       [-0.62042995],
       [-1.64121468]]), array([[-0.32428718],
       [ 0.17221033],
       [-2.66454457]]), array([[-0.21832269],
       [-0.31894553],
       [-0.96406211]]), array([[ 0.25993989],
       [-0.47813009],
       [-2.3151268 ]]), array([[-0.32612018],
       [-0.07163424],
       [-2.20195166]]), array([[-0.69659613],
       [ 0.61282552],
       [-1.25132247]]), array([[-0.6675223 ],
       [-0.03244253],
       [-1.53060029]]), array([[-0.68522561],
       [ 0.13265042],
       [-1.92671011]]), array([[-0.48784654],
       [ 0.05981629],
       [-1.43621923]]), array([[-0.09292035],
       [-0.12621823],
       [-0.46483075]]), array([[-0.09020633],
       [-0.07216761],
       [-1.11162535]])]
#tvecs
[array([[14.41238377],
       [-0.55255393],
       [30.91994384]]), array([[11.12413211],
       [ 4.71986924],
       [24.66886489]]), array([[13.70921856],
       [ 0.35414583],
       [24.28071274]]), array([[-3.30701811],
       [-1.35634791],
       [26.5290937 ]]), array([[-21.99622044],
       [ -3.8449709 ],
       [ 22.18004863]]), array([[-14.22055427],
       [  3.12587301],
       [ 19.90639233]]), array([[-2.69049918],
       [ 4.51356665],
       [26.38052125]]), array([[-14.0181093 ],
       [ -5.76338799],
       [ 28.41739627]]), array([[-11.50953721],
       [  8.69970916],
       [ 20.95676364]]), array([[-16.78796386],
       [  7.82169429],
       [ 16.57295344]]), array([[20.04680074],
       [-0.50796257],
       [27.2485245 ]]), array([[16.89046613],
       [-6.64835176],
       [28.49574423]]), array([[-9.89028191],
       [ 2.39032556],
       [23.05567271]]), array([[-2.71365873],
       [ 2.34502569],
       [17.14635953]]), array([[-5.38001878],
       [ 2.04429959],
       [25.08564046]]), array([[ 2.98791924],
       [ 4.52771693],
       [26.27954201]]), array([[-3.54826938],
       [ 9.21060178],
       [24.39880246]]), array([[-16.60570038],
       [  4.98413901],
       [ 17.44977952]]), array([[-17.48142704],
       [ -3.77762379],
       [ 19.55138576]]), array([[14.03003751],
       [ 8.29331997],
       [21.38211187]]), array([[ 8.27167567],
       [-7.27729953],
       [33.16753547]]), array([[-5.84788619],
       [-6.48667479],
       [31.47296186]]), array([[ 5.18658421],
       [ 2.47841383],
       [17.78335818]]), array([[-13.78049185],
       [  0.21349068],
       [ 23.80927872]]), array([[ 2.91934517],
       [ 4.06620327],
       [26.53607585]]), array([[-2.92245661],
       [-1.92774367],
       [26.29343177]]), array([[-20.88816709],
       [  3.11947742],
       [ 21.64660383]]), array([[16.18248472],
       [-1.6793441 ],
       [22.79979108]]), array([[-3.41002202],
       [ 0.66551724],
       [26.75220153]]), array([[ 3.08179739],
       [ 2.12957413],
       [26.78914375]]), array([[-10.2114462 ],
       [  2.51442345],
       [ 15.59803965]]), array([[-19.96549915],
       [  9.17371467],
       [ 20.16045807]]), array([[ 2.74453519],
       [ 3.0347109 ],
       [26.65572886]]), array([[-5.33108069],
       [ 2.08142083],
       [25.76926144]]), array([[-12.74627758],
       [  5.89124299],
       [ 21.83281618]]), array([[-5.96392842e-03],
       [ 3.43755663e+00],
       [ 3.05952050e+01]]), array([[20.05380509],
       [-6.56096684],
       [26.65279632]]), array([[ 6.14470343],
       [ 9.18826088],
       [24.02126833]]), array([[10.34686996],
       [ 3.79134235],
       [25.72070806]]), array([[ 5.60813595],
       [-0.48325316],
       [34.37771827]]), array([[-2.93220752],
       [-0.36756184],
       [26.72533744]]), array([[-3.21775699],
       [ 1.73190111],
       [26.875264  ]])]